version https://git-lfs.github.com/spec/v1
oid sha256:9f6cb7b744b4f62349d5557d8dbaf46f52aab8bcac936d5a5b0be2ee3df325f9
size 6382
