version https://git-lfs.github.com/spec/v1
oid sha256:416e2b5e7b5209659e5b9868c708ff4896cf078a28a7d7e1c5867654570ba36e
size 2508
